2021/03/19-09:49:21.123627 7f6baffff700 RocksDB version: 5.17.2
2021/03/19-09:49:21.123706 7f6baffff700 Git sha rocksdb_build_git_sha:
2021/03/19-09:49:21.123708 7f6baffff700 Compile date Dec 19 2018
2021/03/19-09:49:21.123714 7f6baffff700 DB SUMMARY
2021/03/19-09:49:21.123838 7f6baffff700 CURRENT file:  CURRENT
2021/03/19-09:49:21.123840 7f6baffff700 IDENTITY file:  IDENTITY
2021/03/19-09:49:21.123845 7f6baffff700 MANIFEST file:  MANIFEST-000354 size: 1541 Bytes
2021/03/19-09:49:21.123846 7f6baffff700 SST files in state/checkpoint_db dir, Total Num: 4, files: 000335.sst 000342.sst 000353.sst 000362.sst 
2021/03/19-09:49:21.123852 7f6baffff700 Write Ahead Log file in state/checkpoint_db: 000003.log size: 3027918 ; 000019.log size: 80515 ; 000030.log size: 4076 ; 000041.log size: 0 ; 000050.log size: 2038 ; 000061.log size: 37604 ; 000074.log size: 0 ; 000083.log size: 0 ; 000092.log size: 0 ; 000101.log size: 0 ; 000110.log size: 0 ; 000119.log size: 2706 ; 000130.log size: 0 ; 000139.log size: 2706 ; 000150.log size: 0 ; 000159.log size: 0 ; 000168.log size: 0 ; 000177.log size: 0 ; 000186.log size: 0 ; 000195.log size: 0 ; 000204.log size: 4059 ; 000215.log size: 2706 ; 000230.log size: 0 ; 000239.log size: 1353 ; 000250.log size: 0 ; 000259.log size: 10650 ; 000270.log size: 4030 ; 000283.log size: 2706 ; 000297.log size: 6045 ; 000308.log size: 1353 ; 000319.log size: 1986 ; 000331.log size: 1353 ; 000345.log size: 58099 ; 000356.log size: 0 ; 
2021/03/19-09:49:21.123856 7f6baffff700                         Options.error_if_exists: 0
2021/03/19-09:49:21.123857 7f6baffff700                       Options.create_if_missing: 1
2021/03/19-09:49:21.123858 7f6baffff700                         Options.paranoid_checks: 1
2021/03/19-09:49:21.123859 7f6baffff700                                     Options.env: 0x7f6bc9f3b220
2021/03/19-09:49:21.123860 7f6baffff700                                Options.info_log: 0x7f6ba8007640
2021/03/19-09:49:21.123860 7f6baffff700                Options.max_file_opening_threads: 16
2021/03/19-09:49:21.123861 7f6baffff700                              Options.statistics: (nil)
2021/03/19-09:49:21.123862 7f6baffff700                               Options.use_fsync: 0
2021/03/19-09:49:21.123863 7f6baffff700                       Options.max_log_file_size: 0
2021/03/19-09:49:21.123864 7f6baffff700                  Options.max_manifest_file_size: 1073741824
2021/03/19-09:49:21.123864 7f6baffff700                   Options.log_file_time_to_roll: 0
2021/03/19-09:49:21.123865 7f6baffff700                       Options.keep_log_file_num: 1000
2021/03/19-09:49:21.123866 7f6baffff700                    Options.recycle_log_file_num: 0
2021/03/19-09:49:21.123867 7f6baffff700                         Options.allow_fallocate: 1
2021/03/19-09:49:21.123867 7f6baffff700                        Options.allow_mmap_reads: 0
2021/03/19-09:49:21.123868 7f6baffff700                       Options.allow_mmap_writes: 0
2021/03/19-09:49:21.123869 7f6baffff700                        Options.use_direct_reads: 0
2021/03/19-09:49:21.123869 7f6baffff700                        Options.use_direct_io_for_flush_and_compaction: 0
2021/03/19-09:49:21.123870 7f6baffff700          Options.create_missing_column_families: 1
2021/03/19-09:49:21.123871 7f6baffff700                              Options.db_log_dir: 
2021/03/19-09:49:21.123872 7f6baffff700                                 Options.wal_dir: state/checkpoint_db
2021/03/19-09:49:21.123872 7f6baffff700                Options.table_cache_numshardbits: 6
2021/03/19-09:49:21.123873 7f6baffff700                      Options.max_subcompactions: 1
2021/03/19-09:49:21.123874 7f6baffff700                  Options.max_background_flushes: -1
2021/03/19-09:49:21.123875 7f6baffff700                         Options.WAL_ttl_seconds: 0
2021/03/19-09:49:21.123875 7f6baffff700                       Options.WAL_size_limit_MB: 0
2021/03/19-09:49:21.123876 7f6baffff700             Options.manifest_preallocation_size: 4194304
2021/03/19-09:49:21.123877 7f6baffff700                     Options.is_fd_close_on_exec: 1
2021/03/19-09:49:21.123877 7f6baffff700                   Options.advise_random_on_open: 1
2021/03/19-09:49:21.123886 7f6baffff700                    Options.db_write_buffer_size: 0
2021/03/19-09:49:21.123887 7f6baffff700                    Options.write_buffer_manager: 0x7f6ba80075e0
2021/03/19-09:49:21.123887 7f6baffff700         Options.access_hint_on_compaction_start: 1
2021/03/19-09:49:21.123888 7f6baffff700  Options.new_table_reader_for_compaction_inputs: 0
2021/03/19-09:49:21.123889 7f6baffff700           Options.random_access_max_buffer_size: 1048576
2021/03/19-09:49:21.123890 7f6baffff700                      Options.use_adaptive_mutex: 0
2021/03/19-09:49:21.123890 7f6baffff700                            Options.rate_limiter: (nil)
2021/03/19-09:49:21.123892 7f6baffff700     Options.sst_file_manager.rate_bytes_per_sec: 0
2021/03/19-09:49:21.123893 7f6baffff700                       Options.wal_recovery_mode: 2
2021/03/19-09:49:21.123894 7f6baffff700                  Options.enable_thread_tracking: 0
2021/03/19-09:49:21.123894 7f6baffff700                  Options.enable_pipelined_write: 0
2021/03/19-09:49:21.123895 7f6baffff700         Options.allow_concurrent_memtable_write: 1
2021/03/19-09:49:21.123896 7f6baffff700      Options.enable_write_thread_adaptive_yield: 1
2021/03/19-09:49:21.123896 7f6baffff700             Options.write_thread_max_yield_usec: 100
2021/03/19-09:49:21.123897 7f6baffff700            Options.write_thread_slow_yield_usec: 3
2021/03/19-09:49:21.123898 7f6baffff700                               Options.row_cache: None
2021/03/19-09:49:21.123899 7f6baffff700                              Options.wal_filter: None
2021/03/19-09:49:21.123899 7f6baffff700             Options.avoid_flush_during_recovery: 0
2021/03/19-09:49:21.123900 7f6baffff700             Options.allow_ingest_behind: 0
2021/03/19-09:49:21.123901 7f6baffff700             Options.preserve_deletes: 0
2021/03/19-09:49:21.123902 7f6baffff700             Options.two_write_queues: 0
2021/03/19-09:49:21.123902 7f6baffff700             Options.manual_wal_flush: 0
2021/03/19-09:49:21.123903 7f6baffff700             Options.max_background_jobs: 2
2021/03/19-09:49:21.123904 7f6baffff700             Options.max_background_compactions: -1
2021/03/19-09:49:21.123905 7f6baffff700             Options.avoid_flush_during_shutdown: 0
2021/03/19-09:49:21.123906 7f6baffff700           Options.writable_file_max_buffer_size: 1048576
2021/03/19-09:49:21.123906 7f6baffff700             Options.delayed_write_rate : 16777216
2021/03/19-09:49:21.123907 7f6baffff700             Options.max_total_wal_size: 0
2021/03/19-09:49:21.123908 7f6baffff700             Options.delete_obsolete_files_period_micros: 21600000000
2021/03/19-09:49:21.123909 7f6baffff700                   Options.stats_dump_period_sec: 600
2021/03/19-09:49:21.123909 7f6baffff700                          Options.max_open_files: -1
2021/03/19-09:49:21.123910 7f6baffff700                          Options.bytes_per_sync: 0
2021/03/19-09:49:21.123911 7f6baffff700                      Options.wal_bytes_per_sync: 0
2021/03/19-09:49:21.123911 7f6baffff700       Options.compaction_readahead_size: 0
2021/03/19-09:49:21.123912 7f6baffff700 Compression algorithms supported:
2021/03/19-09:49:21.123914 7f6baffff700 	kZSTDNotFinalCompression supported: 1
2021/03/19-09:49:21.123916 7f6baffff700 	kZSTD supported: 1
2021/03/19-09:49:21.123917 7f6baffff700 	kXpressCompression supported: 0
2021/03/19-09:49:21.123918 7f6baffff700 	kLZ4HCCompression supported: 1
2021/03/19-09:49:21.123919 7f6baffff700 	kLZ4Compression supported: 1
2021/03/19-09:49:21.123920 7f6baffff700 	kBZip2Compression supported: 1
2021/03/19-09:49:21.123921 7f6baffff700 	kZlibCompression supported: 1
2021/03/19-09:49:21.123921 7f6baffff700 	kSnappyCompression supported: 1
2021/03/19-09:49:21.123923 7f6baffff700 Fast CRC32 supported: Not supported on x86
2021/03/19-09:49:21.124249 7f6baffff700 [db/version_set.cc:3406] Recovering from manifest file: MANIFEST-000354
2021/03/19-09:49:21.124323 7f6baffff700 [db/column_family.cc:475] --------------- Options for column family [default]:
2021/03/19-09:49:21.124325 7f6baffff700               Options.comparator: leveldb.BytewiseComparator
2021/03/19-09:49:21.124334 7f6baffff700           Options.merge_operator: None
2021/03/19-09:49:21.124335 7f6baffff700        Options.compaction_filter: None
2021/03/19-09:49:21.124336 7f6baffff700        Options.compaction_filter_factory: None
2021/03/19-09:49:21.124337 7f6baffff700         Options.memtable_factory: SkipListFactory
2021/03/19-09:49:21.124338 7f6baffff700            Options.table_factory: BlockBasedTable
2021/03/19-09:49:21.124357 7f6baffff700            table_factory options:   flush_block_policy_factory: FlushBlockBySizePolicyFactory (0x7f6ba8003bd0)
  cache_index_and_filter_blocks: 0
  cache_index_and_filter_blocks_with_high_priority: 0
  pin_l0_filter_and_index_blocks_in_cache: 0
  pin_top_level_index_and_filter: 1
  index_type: 0
  hash_index_allow_collision: 1
  checksum: 1
  no_block_cache: 0
  block_cache: 0x7f6ba8003c20
  block_cache_name: LRUCache
  block_cache_options:
    capacity : 8388608
    num_shard_bits : 4
    strict_capacity_limit : 0
    high_pri_pool_ratio: 0.000
  block_cache_compressed: (nil)
  persistent_cache: (nil)
  block_size: 4096
  block_size_deviation: 10
  block_restart_interval: 16
  index_block_restart_interval: 1
  metadata_block_size: 4096
  partition_filters: 0
  use_delta_encoding: 1
  filter_policy: nullptr
  whole_key_filtering: 1
  verify_compression: 0
  read_amp_bytes_per_bit: 0
  format_version: 2
  enable_index_compression: 1
  block_align: 0
2021/03/19-09:49:21.124358 7f6baffff700        Options.write_buffer_size: 67108864
2021/03/19-09:49:21.124359 7f6baffff700  Options.max_write_buffer_number: 2
2021/03/19-09:49:21.124360 7f6baffff700          Options.compression: Snappy
2021/03/19-09:49:21.124361 7f6baffff700                  Options.bottommost_compression: Disabled
2021/03/19-09:49:21.124362 7f6baffff700       Options.prefix_extractor: nullptr
2021/03/19-09:49:21.124363 7f6baffff700   Options.memtable_insert_with_hint_prefix_extractor: nullptr
2021/03/19-09:49:21.124363 7f6baffff700             Options.num_levels: 7
2021/03/19-09:49:21.124364 7f6baffff700        Options.min_write_buffer_number_to_merge: 1
2021/03/19-09:49:21.124365 7f6baffff700     Options.max_write_buffer_number_to_maintain: 2
2021/03/19-09:49:21.124366 7f6baffff700            Options.bottommost_compression_opts.window_bits: -14
2021/03/19-09:49:21.124366 7f6baffff700                  Options.bottommost_compression_opts.level: 32767
2021/03/19-09:49:21.124367 7f6baffff700               Options.bottommost_compression_opts.strategy: 0
2021/03/19-09:49:21.124368 7f6baffff700         Options.bottommost_compression_opts.max_dict_bytes: 0
2021/03/19-09:49:21.124369 7f6baffff700         Options.bottommost_compression_opts.zstd_max_train_bytes: 0
2021/03/19-09:49:21.124369 7f6baffff700                  Options.bottommost_compression_opts.enabled: false
2021/03/19-09:49:21.124370 7f6baffff700            Options.compression_opts.window_bits: -14
2021/03/19-09:49:21.124371 7f6baffff700                  Options.compression_opts.level: 32767
2021/03/19-09:49:21.124371 7f6baffff700               Options.compression_opts.strategy: 0
2021/03/19-09:49:21.124372 7f6baffff700         Options.compression_opts.max_dict_bytes: 0
2021/03/19-09:49:21.124373 7f6baffff700         Options.compression_opts.zstd_max_train_bytes: 0
2021/03/19-09:49:21.124374 7f6baffff700                  Options.compression_opts.enabled: false
2021/03/19-09:49:21.124374 7f6baffff700      Options.level0_file_num_compaction_trigger: 4
2021/03/19-09:49:21.124375 7f6baffff700          Options.level0_slowdown_writes_trigger: 20
2021/03/19-09:49:21.124376 7f6baffff700              Options.level0_stop_writes_trigger: 36
2021/03/19-09:49:21.124377 7f6baffff700                   Options.target_file_size_base: 67108864
2021/03/19-09:49:21.124377 7f6baffff700             Options.target_file_size_multiplier: 1
2021/03/19-09:49:21.124378 7f6baffff700                Options.max_bytes_for_level_base: 268435456
2021/03/19-09:49:21.124379 7f6baffff700 Options.level_compaction_dynamic_level_bytes: 0
2021/03/19-09:49:21.124384 7f6baffff700          Options.max_bytes_for_level_multiplier: 10.000000
2021/03/19-09:49:21.124386 7f6baffff700 Options.max_bytes_for_level_multiplier_addtl[0]: 1
2021/03/19-09:49:21.124386 7f6baffff700 Options.max_bytes_for_level_multiplier_addtl[1]: 1
2021/03/19-09:49:21.124387 7f6baffff700 Options.max_bytes_for_level_multiplier_addtl[2]: 1
2021/03/19-09:49:21.124388 7f6baffff700 Options.max_bytes_for_level_multiplier_addtl[3]: 1
2021/03/19-09:49:21.124389 7f6baffff700 Options.max_bytes_for_level_multiplier_addtl[4]: 1
2021/03/19-09:49:21.124389 7f6baffff700 Options.max_bytes_for_level_multiplier_addtl[5]: 1
2021/03/19-09:49:21.124390 7f6baffff700 Options.max_bytes_for_level_multiplier_addtl[6]: 1
2021/03/19-09:49:21.124391 7f6baffff700       Options.max_sequential_skip_in_iterations: 8
2021/03/19-09:49:21.124392 7f6baffff700                    Options.max_compaction_bytes: 1677721600
2021/03/19-09:49:21.124392 7f6baffff700                        Options.arena_block_size: 8388608
2021/03/19-09:49:21.124393 7f6baffff700   Options.soft_pending_compaction_bytes_limit: 68719476736
2021/03/19-09:49:21.124394 7f6baffff700   Options.hard_pending_compaction_bytes_limit: 274877906944
2021/03/19-09:49:21.124395 7f6baffff700       Options.rate_limit_delay_max_milliseconds: 100
2021/03/19-09:49:21.124395 7f6baffff700                Options.disable_auto_compactions: 1
2021/03/19-09:49:21.124397 7f6baffff700                        Options.compaction_style: kCompactionStyleLevel
2021/03/19-09:49:21.124398 7f6baffff700                          Options.compaction_pri: kByCompensatedSize
2021/03/19-09:49:21.124399 7f6baffff700 Options.compaction_options_universal.size_ratio: 1
2021/03/19-09:49:21.124400 7f6baffff700 Options.compaction_options_universal.min_merge_width: 2
2021/03/19-09:49:21.124400 7f6baffff700 Options.compaction_options_universal.max_merge_width: 4294967295
2021/03/19-09:49:21.124401 7f6baffff700 Options.compaction_options_universal.max_size_amplification_percent: 200
2021/03/19-09:49:21.124402 7f6baffff700 Options.compaction_options_universal.compression_size_percent: -1
2021/03/19-09:49:21.124403 7f6baffff700 Options.compaction_options_universal.stop_style: kCompactionStopStyleTotalSize
2021/03/19-09:49:21.124404 7f6baffff700 Options.compaction_options_fifo.max_table_files_size: 1073741824
2021/03/19-09:49:21.124405 7f6baffff700 Options.compaction_options_fifo.allow_compaction: 0
2021/03/19-09:49:21.124405 7f6baffff700 Options.compaction_options_fifo.ttl: 0
2021/03/19-09:49:21.124406 7f6baffff700                   Options.table_properties_collectors: 
2021/03/19-09:49:21.124407 7f6baffff700                   Options.inplace_update_support: 0
2021/03/19-09:49:21.124408 7f6baffff700                 Options.inplace_update_num_locks: 10000
2021/03/19-09:49:21.124408 7f6baffff700               Options.memtable_prefix_bloom_size_ratio: 0.000000
2021/03/19-09:49:21.124409 7f6baffff700   Options.memtable_huge_page_size: 0
2021/03/19-09:49:21.124410 7f6baffff700                           Options.bloom_locality: 0
2021/03/19-09:49:21.124411 7f6baffff700                    Options.max_successive_merges: 0
2021/03/19-09:49:21.124412 7f6baffff700                Options.optimize_filters_for_hits: 0
2021/03/19-09:49:21.124412 7f6baffff700                Options.paranoid_file_checks: 0
2021/03/19-09:49:21.124413 7f6baffff700                Options.force_consistency_checks: 0
2021/03/19-09:49:21.124414 7f6baffff700                Options.report_bg_io_stats: 0
2021/03/19-09:49:21.124414 7f6baffff700                               Options.ttl: 0
2021/03/19-09:49:21.124536 7f6baffff700 [db/column_family.cc:475] --------------- Options for column family [blocks]:
2021/03/19-09:49:21.124538 7f6baffff700               Options.comparator: leveldb.BytewiseComparator
2021/03/19-09:49:21.124539 7f6baffff700           Options.merge_operator: None
2021/03/19-09:49:21.124540 7f6baffff700        Options.compaction_filter: None
2021/03/19-09:49:21.124541 7f6baffff700        Options.compaction_filter_factory: None
2021/03/19-09:49:21.124548 7f6baffff700         Options.memtable_factory: SkipListFactory
2021/03/19-09:49:21.124549 7f6baffff700            Options.table_factory: BlockBasedTable
2021/03/19-09:49:21.124564 7f6baffff700            table_factory options:   flush_block_policy_factory: FlushBlockBySizePolicyFactory (0x7f6ba8005aa0)
  cache_index_and_filter_blocks: 0
  cache_index_and_filter_blocks_with_high_priority: 0
  pin_l0_filter_and_index_blocks_in_cache: 0
  pin_top_level_index_and_filter: 1
  index_type: 0
  hash_index_allow_collision: 1
  checksum: 1
  no_block_cache: 0
  block_cache: 0x7f6ba8005af0
  block_cache_name: LRUCache
  block_cache_options:
    capacity : 8388608
    num_shard_bits : 4
    strict_capacity_limit : 0
    high_pri_pool_ratio: 0.000
  block_cache_compressed: (nil)
  persistent_cache: (nil)
  block_size: 4096
  block_size_deviation: 10
  block_restart_interval: 16
  index_block_restart_interval: 1
  metadata_block_size: 4096
  partition_filters: 0
  use_delta_encoding: 1
  filter_policy: nullptr
  whole_key_filtering: 1
  verify_compression: 0
  read_amp_bytes_per_bit: 0
  format_version: 2
  enable_index_compression: 1
  block_align: 0
2021/03/19-09:49:21.124565 7f6baffff700        Options.write_buffer_size: 67108864
2021/03/19-09:49:21.124565 7f6baffff700  Options.max_write_buffer_number: 2
2021/03/19-09:49:21.124566 7f6baffff700          Options.compression: Snappy
2021/03/19-09:49:21.124567 7f6baffff700                  Options.bottommost_compression: Disabled
2021/03/19-09:49:21.124568 7f6baffff700       Options.prefix_extractor: nullptr
2021/03/19-09:49:21.124569 7f6baffff700   Options.memtable_insert_with_hint_prefix_extractor: nullptr
2021/03/19-09:49:21.124569 7f6baffff700             Options.num_levels: 7
2021/03/19-09:49:21.124570 7f6baffff700        Options.min_write_buffer_number_to_merge: 1
2021/03/19-09:49:21.124571 7f6baffff700     Options.max_write_buffer_number_to_maintain: 2
2021/03/19-09:49:21.124571 7f6baffff700            Options.bottommost_compression_opts.window_bits: -14
2021/03/19-09:49:21.124572 7f6baffff700                  Options.bottommost_compression_opts.level: 32767
2021/03/19-09:49:21.124573 7f6baffff700               Options.bottommost_compression_opts.strategy: 0
2021/03/19-09:49:21.124574 7f6baffff700         Options.bottommost_compression_opts.max_dict_bytes: 0
2021/03/19-09:49:21.124574 7f6baffff700         Options.bottommost_compression_opts.zstd_max_train_bytes: 0
2021/03/19-09:49:21.124575 7f6baffff700                  Options.bottommost_compression_opts.enabled: false
2021/03/19-09:49:21.124576 7f6baffff700            Options.compression_opts.window_bits: -14
2021/03/19-09:49:21.124576 7f6baffff700                  Options.compression_opts.level: 32767
2021/03/19-09:49:21.124577 7f6baffff700               Options.compression_opts.strategy: 0
2021/03/19-09:49:21.124578 7f6baffff700         Options.compression_opts.max_dict_bytes: 0
2021/03/19-09:49:21.124579 7f6baffff700         Options.compression_opts.zstd_max_train_bytes: 0
2021/03/19-09:49:21.124579 7f6baffff700                  Options.compression_opts.enabled: false
2021/03/19-09:49:21.124580 7f6baffff700      Options.level0_file_num_compaction_trigger: 4
2021/03/19-09:49:21.124581 7f6baffff700          Options.level0_slowdown_writes_trigger: 20
2021/03/19-09:49:21.124582 7f6baffff700              Options.level0_stop_writes_trigger: 36
2021/03/19-09:49:21.124582 7f6baffff700                   Options.target_file_size_base: 67108864
2021/03/19-09:49:21.124583 7f6baffff700             Options.target_file_size_multiplier: 1
2021/03/19-09:49:21.124584 7f6baffff700                Options.max_bytes_for_level_base: 268435456
2021/03/19-09:49:21.124584 7f6baffff700 Options.level_compaction_dynamic_level_bytes: 0
2021/03/19-09:49:21.124585 7f6baffff700          Options.max_bytes_for_level_multiplier: 10.000000
2021/03/19-09:49:21.124586 7f6baffff700 Options.max_bytes_for_level_multiplier_addtl[0]: 1
2021/03/19-09:49:21.124587 7f6baffff700 Options.max_bytes_for_level_multiplier_addtl[1]: 1
2021/03/19-09:49:21.124592 7f6baffff700 Options.max_bytes_for_level_multiplier_addtl[2]: 1
2021/03/19-09:49:21.124593 7f6baffff700 Options.max_bytes_for_level_multiplier_addtl[3]: 1
2021/03/19-09:49:21.124594 7f6baffff700 Options.max_bytes_for_level_multiplier_addtl[4]: 1
2021/03/19-09:49:21.124594 7f6baffff700 Options.max_bytes_for_level_multiplier_addtl[5]: 1
2021/03/19-09:49:21.124595 7f6baffff700 Options.max_bytes_for_level_multiplier_addtl[6]: 1
2021/03/19-09:49:21.124596 7f6baffff700       Options.max_sequential_skip_in_iterations: 8
2021/03/19-09:49:21.124596 7f6baffff700                    Options.max_compaction_bytes: 1677721600
2021/03/19-09:49:21.124597 7f6baffff700                        Options.arena_block_size: 8388608
2021/03/19-09:49:21.124598 7f6baffff700   Options.soft_pending_compaction_bytes_limit: 68719476736
2021/03/19-09:49:21.124599 7f6baffff700   Options.hard_pending_compaction_bytes_limit: 274877906944
2021/03/19-09:49:21.124599 7f6baffff700       Options.rate_limit_delay_max_milliseconds: 100
2021/03/19-09:49:21.124600 7f6baffff700                Options.disable_auto_compactions: 1
2021/03/19-09:49:21.124601 7f6baffff700                        Options.compaction_style: kCompactionStyleLevel
2021/03/19-09:49:21.124602 7f6baffff700                          Options.compaction_pri: kByCompensatedSize
2021/03/19-09:49:21.124603 7f6baffff700 Options.compaction_options_universal.size_ratio: 1
2021/03/19-09:49:21.124603 7f6baffff700 Options.compaction_options_universal.min_merge_width: 2
2021/03/19-09:49:21.124604 7f6baffff700 Options.compaction_options_universal.max_merge_width: 4294967295
2021/03/19-09:49:21.124605 7f6baffff700 Options.compaction_options_universal.max_size_amplification_percent: 200
2021/03/19-09:49:21.124606 7f6baffff700 Options.compaction_options_universal.compression_size_percent: -1
2021/03/19-09:49:21.124606 7f6baffff700 Options.compaction_options_universal.stop_style: kCompactionStopStyleTotalSize
2021/03/19-09:49:21.124607 7f6baffff700 Options.compaction_options_fifo.max_table_files_size: 1073741824
2021/03/19-09:49:21.124608 7f6baffff700 Options.compaction_options_fifo.allow_compaction: 0
2021/03/19-09:49:21.124609 7f6baffff700 Options.compaction_options_fifo.ttl: 0
2021/03/19-09:49:21.124609 7f6baffff700                   Options.table_properties_collectors: 
2021/03/19-09:49:21.124610 7f6baffff700                   Options.inplace_update_support: 0
2021/03/19-09:49:21.124611 7f6baffff700                 Options.inplace_update_num_locks: 10000
2021/03/19-09:49:21.124611 7f6baffff700               Options.memtable_prefix_bloom_size_ratio: 0.000000
2021/03/19-09:49:21.124612 7f6baffff700   Options.memtable_huge_page_size: 0
2021/03/19-09:49:21.124613 7f6baffff700                           Options.bloom_locality: 0
2021/03/19-09:49:21.124614 7f6baffff700                    Options.max_successive_merges: 0
2021/03/19-09:49:21.124614 7f6baffff700                Options.optimize_filters_for_hits: 0
2021/03/19-09:49:21.124615 7f6baffff700                Options.paranoid_file_checks: 0
2021/03/19-09:49:21.124616 7f6baffff700                Options.force_consistency_checks: 0
2021/03/19-09:49:21.124617 7f6baffff700                Options.report_bg_io_stats: 0
2021/03/19-09:49:21.124617 7f6baffff700                               Options.ttl: 0
2021/03/19-09:49:21.124638 7f6baffff700 [db/column_family.cc:475] --------------- Options for column family [nodes]:
2021/03/19-09:49:21.124639 7f6baffff700               Options.comparator: leveldb.BytewiseComparator
2021/03/19-09:49:21.124640 7f6baffff700           Options.merge_operator: None
2021/03/19-09:49:21.124641 7f6baffff700        Options.compaction_filter: None
2021/03/19-09:49:21.124642 7f6baffff700        Options.compaction_filter_factory: None
2021/03/19-09:49:21.124642 7f6baffff700         Options.memtable_factory: SkipListFactory
2021/03/19-09:49:21.124643 7f6baffff700            Options.table_factory: BlockBasedTable
2021/03/19-09:49:21.124656 7f6baffff700            table_factory options:   flush_block_policy_factory: FlushBlockBySizePolicyFactory (0x7f6ba8007bc0)
  cache_index_and_filter_blocks: 0
  cache_index_and_filter_blocks_with_high_priority: 0
  pin_l0_filter_and_index_blocks_in_cache: 0
  pin_top_level_index_and_filter: 1
  index_type: 0
  hash_index_allow_collision: 1
  checksum: 1
  no_block_cache: 0
  block_cache: 0x7f6ba8007c10
  block_cache_name: LRUCache
  block_cache_options:
    capacity : 8388608
    num_shard_bits : 4
    strict_capacity_limit : 0
    high_pri_pool_ratio: 0.000
  block_cache_compressed: (nil)
  persistent_cache: (nil)
  block_size: 4096
  block_size_deviation: 10
  block_restart_interval: 16
  index_block_restart_interval: 1
  metadata_block_size: 4096
  partition_filters: 0
  use_delta_encoding: 1
  filter_policy: nullptr
  whole_key_filtering: 1
  verify_compression: 0
  read_amp_bytes_per_bit: 0
  format_version: 2
  enable_index_compression: 1
  block_align: 0
2021/03/19-09:49:21.124662 7f6baffff700        Options.write_buffer_size: 67108864
2021/03/19-09:49:21.124663 7f6baffff700  Options.max_write_buffer_number: 2
2021/03/19-09:49:21.124664 7f6baffff700          Options.compression: Snappy
2021/03/19-09:49:21.124665 7f6baffff700                  Options.bottommost_compression: Disabled
2021/03/19-09:49:21.124665 7f6baffff700       Options.prefix_extractor: nullptr
2021/03/19-09:49:21.124666 7f6baffff700   Options.memtable_insert_with_hint_prefix_extractor: nullptr
2021/03/19-09:49:21.124667 7f6baffff700             Options.num_levels: 7
2021/03/19-09:49:21.124667 7f6baffff700        Options.min_write_buffer_number_to_merge: 1
2021/03/19-09:49:21.124668 7f6baffff700     Options.max_write_buffer_number_to_maintain: 2
2021/03/19-09:49:21.124669 7f6baffff700            Options.bottommost_compression_opts.window_bits: -14
2021/03/19-09:49:21.124670 7f6baffff700                  Options.bottommost_compression_opts.level: 32767
2021/03/19-09:49:21.124670 7f6baffff700               Options.bottommost_compression_opts.strategy: 0
2021/03/19-09:49:21.124671 7f6baffff700         Options.bottommost_compression_opts.max_dict_bytes: 0
2021/03/19-09:49:21.124672 7f6baffff700         Options.bottommost_compression_opts.zstd_max_train_bytes: 0
2021/03/19-09:49:21.124672 7f6baffff700                  Options.bottommost_compression_opts.enabled: false
2021/03/19-09:49:21.124673 7f6baffff700            Options.compression_opts.window_bits: -14
2021/03/19-09:49:21.124674 7f6baffff700                  Options.compression_opts.level: 32767
2021/03/19-09:49:21.124675 7f6baffff700               Options.compression_opts.strategy: 0
2021/03/19-09:49:21.124675 7f6baffff700         Options.compression_opts.max_dict_bytes: 0
2021/03/19-09:49:21.124676 7f6baffff700         Options.compression_opts.zstd_max_train_bytes: 0
2021/03/19-09:49:21.124677 7f6baffff700                  Options.compression_opts.enabled: false
2021/03/19-09:49:21.124678 7f6baffff700      Options.level0_file_num_compaction_trigger: 4
2021/03/19-09:49:21.124678 7f6baffff700          Options.level0_slowdown_writes_trigger: 20
2021/03/19-09:49:21.124679 7f6baffff700              Options.level0_stop_writes_trigger: 36
2021/03/19-09:49:21.124680 7f6baffff700                   Options.target_file_size_base: 67108864
2021/03/19-09:49:21.124680 7f6baffff700             Options.target_file_size_multiplier: 1
2021/03/19-09:49:21.124681 7f6baffff700                Options.max_bytes_for_level_base: 268435456
2021/03/19-09:49:21.124682 7f6baffff700 Options.level_compaction_dynamic_level_bytes: 0
2021/03/19-09:49:21.124683 7f6baffff700          Options.max_bytes_for_level_multiplier: 10.000000
2021/03/19-09:49:21.124684 7f6baffff700 Options.max_bytes_for_level_multiplier_addtl[0]: 1
2021/03/19-09:49:21.124684 7f6baffff700 Options.max_bytes_for_level_multiplier_addtl[1]: 1
2021/03/19-09:49:21.124685 7f6baffff700 Options.max_bytes_for_level_multiplier_addtl[2]: 1
2021/03/19-09:49:21.124686 7f6baffff700 Options.max_bytes_for_level_multiplier_addtl[3]: 1
2021/03/19-09:49:21.124687 7f6baffff700 Options.max_bytes_for_level_multiplier_addtl[4]: 1
2021/03/19-09:49:21.124687 7f6baffff700 Options.max_bytes_for_level_multiplier_addtl[5]: 1
2021/03/19-09:49:21.124692 7f6baffff700 Options.max_bytes_for_level_multiplier_addtl[6]: 1
2021/03/19-09:49:21.124693 7f6baffff700       Options.max_sequential_skip_in_iterations: 8
2021/03/19-09:49:21.124693 7f6baffff700                    Options.max_compaction_bytes: 1677721600
2021/03/19-09:49:21.124694 7f6baffff700                        Options.arena_block_size: 8388608
2021/03/19-09:49:21.124695 7f6baffff700   Options.soft_pending_compaction_bytes_limit: 68719476736
2021/03/19-09:49:21.124696 7f6baffff700   Options.hard_pending_compaction_bytes_limit: 274877906944
2021/03/19-09:49:21.124696 7f6baffff700       Options.rate_limit_delay_max_milliseconds: 100
2021/03/19-09:49:21.124697 7f6baffff700                Options.disable_auto_compactions: 1
2021/03/19-09:49:21.124698 7f6baffff700                        Options.compaction_style: kCompactionStyleLevel
2021/03/19-09:49:21.124699 7f6baffff700                          Options.compaction_pri: kByCompensatedSize
2021/03/19-09:49:21.124699 7f6baffff700 Options.compaction_options_universal.size_ratio: 1
2021/03/19-09:49:21.124700 7f6baffff700 Options.compaction_options_universal.min_merge_width: 2
2021/03/19-09:49:21.124701 7f6baffff700 Options.compaction_options_universal.max_merge_width: 4294967295
2021/03/19-09:49:21.124702 7f6baffff700 Options.compaction_options_universal.max_size_amplification_percent: 200
2021/03/19-09:49:21.124702 7f6baffff700 Options.compaction_options_universal.compression_size_percent: -1
2021/03/19-09:49:21.124703 7f6baffff700 Options.compaction_options_universal.stop_style: kCompactionStopStyleTotalSize
2021/03/19-09:49:21.124704 7f6baffff700 Options.compaction_options_fifo.max_table_files_size: 1073741824
2021/03/19-09:49:21.124705 7f6baffff700 Options.compaction_options_fifo.allow_compaction: 0
2021/03/19-09:49:21.124705 7f6baffff700 Options.compaction_options_fifo.ttl: 0
2021/03/19-09:49:21.124706 7f6baffff700                   Options.table_properties_collectors: 
2021/03/19-09:49:21.124707 7f6baffff700                   Options.inplace_update_support: 0
2021/03/19-09:49:21.124707 7f6baffff700                 Options.inplace_update_num_locks: 10000
2021/03/19-09:49:21.124708 7f6baffff700               Options.memtable_prefix_bloom_size_ratio: 0.000000
2021/03/19-09:49:21.124709 7f6baffff700   Options.memtable_huge_page_size: 0
2021/03/19-09:49:21.124710 7f6baffff700                           Options.bloom_locality: 0
2021/03/19-09:49:21.124711 7f6baffff700                    Options.max_successive_merges: 0
2021/03/19-09:49:21.124711 7f6baffff700                Options.optimize_filters_for_hits: 0
2021/03/19-09:49:21.124712 7f6baffff700                Options.paranoid_file_checks: 0
2021/03/19-09:49:21.124713 7f6baffff700                Options.force_consistency_checks: 0
2021/03/19-09:49:21.124713 7f6baffff700                Options.report_bg_io_stats: 0
2021/03/19-09:49:21.124714 7f6baffff700                               Options.ttl: 0
2021/03/19-09:49:21.127058 7f6baffff700 [db/version_set.cc:3610] Recovered from manifest file:state/checkpoint_db/MANIFEST-000354 succeeded,manifest_file_number is 354, next_file_number is 365, last_sequence is 19926, log_number is 0,prev_log_number is 0,max_column_family is 2,min_log_number_to_keep is 0
2021/03/19-09:49:21.127065 7f6baffff700 [db/version_set.cc:3618] Column family [default] (ID 0), log number is 346
2021/03/19-09:49:21.127067 7f6baffff700 [db/version_set.cc:3618] Column family [blocks] (ID 1), log number is 346
2021/03/19-09:49:21.127068 7f6baffff700 [db/version_set.cc:3618] Column family [nodes] (ID 2), log number is 346
2021/03/19-09:49:21.127221 7f6baffff700 EVENT_LOG_v1 {"time_micros": 1616147361127212, "job": 1, "event": "recovery_started", "log_files": [3, 19, 30, 41, 50, 61, 74, 83, 92, 101, 110, 119, 130, 139, 150, 159, 168, 177, 186, 195, 204, 215, 230, 239, 250, 259, 270, 283, 297, 308, 319, 331, 345, 356]}
2021/03/19-09:49:21.127225 7f6baffff700 [db/db_impl_open.cc:561] Recovering log #3 mode 2
2021/03/19-09:49:21.136180 7f6baffff700 [db/db_impl_open.cc:561] Recovering log #19 mode 2
2021/03/19-09:49:21.136880 7f6baffff700 [db/db_impl_open.cc:561] Recovering log #30 mode 2
2021/03/19-09:49:21.137069 7f6baffff700 [db/db_impl_open.cc:561] Recovering log #41 mode 2
2021/03/19-09:49:21.137116 7f6baffff700 [db/db_impl_open.cc:561] Recovering log #50 mode 2
2021/03/19-09:49:21.137218 7f6baffff700 [db/db_impl_open.cc:561] Recovering log #61 mode 2
2021/03/19-09:49:21.137573 7f6baffff700 [db/db_impl_open.cc:561] Recovering log #74 mode 2
2021/03/19-09:49:21.137616 7f6baffff700 [db/db_impl_open.cc:561] Recovering log #83 mode 2
2021/03/19-09:49:21.137656 7f6baffff700 [db/db_impl_open.cc:561] Recovering log #92 mode 2
2021/03/19-09:49:21.137694 7f6baffff700 [db/db_impl_open.cc:561] Recovering log #101 mode 2
2021/03/19-09:49:21.137732 7f6baffff700 [db/db_impl_open.cc:561] Recovering log #110 mode 2
2021/03/19-09:49:21.137770 7f6baffff700 [db/db_impl_open.cc:561] Recovering log #119 mode 2
2021/03/19-09:49:21.137919 7f6baffff700 [db/db_impl_open.cc:561] Recovering log #130 mode 2
2021/03/19-09:49:21.137961 7f6baffff700 [db/db_impl_open.cc:561] Recovering log #139 mode 2
2021/03/19-09:49:21.138100 7f6baffff700 [db/db_impl_open.cc:561] Recovering log #150 mode 2
2021/03/19-09:49:21.138141 7f6baffff700 [db/db_impl_open.cc:561] Recovering log #159 mode 2
2021/03/19-09:49:21.138179 7f6baffff700 [db/db_impl_open.cc:561] Recovering log #168 mode 2
2021/03/19-09:49:21.138216 7f6baffff700 [db/db_impl_open.cc:561] Recovering log #177 mode 2
2021/03/19-09:49:21.138254 7f6baffff700 [db/db_impl_open.cc:561] Recovering log #186 mode 2
2021/03/19-09:49:21.138292 7f6baffff700 [db/db_impl_open.cc:561] Recovering log #195 mode 2
2021/03/19-09:49:21.138329 7f6baffff700 [db/db_impl_open.cc:561] Recovering log #204 mode 2
2021/03/19-09:49:21.138450 7f6baffff700 [db/db_impl_open.cc:561] Recovering log #215 mode 2
2021/03/19-09:49:21.138570 7f6baffff700 [db/db_impl_open.cc:561] Recovering log #230 mode 2
2021/03/19-09:49:21.138612 7f6baffff700 [db/db_impl_open.cc:561] Recovering log #239 mode 2
2021/03/19-09:49:21.138760 7f6baffff700 [db/db_impl_open.cc:561] Recovering log #250 mode 2
2021/03/19-09:49:21.138800 7f6baffff700 [db/db_impl_open.cc:561] Recovering log #259 mode 2
2021/03/19-09:49:21.139100 7f6baffff700 [db/db_impl_open.cc:561] Recovering log #270 mode 2
2021/03/19-09:49:21.139269 7f6baffff700 [db/db_impl_open.cc:561] Recovering log #283 mode 2
2021/03/19-09:49:21.139396 7f6baffff700 [db/db_impl_open.cc:561] Recovering log #297 mode 2
2021/03/19-09:49:21.139585 7f6baffff700 [db/db_impl_open.cc:561] Recovering log #308 mode 2
2021/03/19-09:49:21.139792 7f6baffff700 [db/db_impl_open.cc:561] Recovering log #319 mode 2
2021/03/19-09:49:21.139954 7f6baffff700 [db/db_impl_open.cc:561] Recovering log #331 mode 2
2021/03/19-09:49:21.140109 7f6baffff700 [db/db_impl_open.cc:561] Recovering log #345 mode 2
2021/03/19-09:49:21.140527 7f6baffff700 [db/db_impl_open.cc:561] Recovering log #356 mode 2
2021/03/19-09:49:21.140589 7f6baffff700 [db/version_set.cc:2936] Creating manifest 365
2021/03/19-09:49:21.143588 7f6baffff700 EVENT_LOG_v1 {"time_micros": 1616147361143586, "job": 1, "event": "recovery_finished"}
2021/03/19-09:49:21.147025 7f6baffff700 [db/db_impl_open.cc:1287] DB pointer 0x7f6ba800a5f0
2021/03/19-09:49:21.150457 7f6baffff700 [db/db_impl.cc:715] SetOptions() on column family [default], inputs:
2021/03/19-09:49:21.150462 7f6baffff700 [db/db_impl.cc:718] disable_auto_compactions: false
2021/03/19-09:49:21.150475 7f6baffff700 [db/db_impl.cc:722] [default] SetOptions() succeeded
2021/03/19-09:49:21.150477 7f6baffff700 [options/cf_options.cc:128]                         write_buffer_size: 67108864
2021/03/19-09:49:21.150478 7f6baffff700 [options/cf_options.cc:130]                   max_write_buffer_number: 2
2021/03/19-09:49:21.150479 7f6baffff700 [options/cf_options.cc:133]                          arena_block_size: 8388608
2021/03/19-09:49:21.150480 7f6baffff700 [options/cf_options.cc:135]               memtable_prefix_bloom_ratio: 0.000000
2021/03/19-09:49:21.150482 7f6baffff700 [options/cf_options.cc:138]                   memtable_huge_page_size: 0
2021/03/19-09:49:21.150482 7f6baffff700 [options/cf_options.cc:141]                     max_successive_merges: 0
2021/03/19-09:49:21.150483 7f6baffff700 [options/cf_options.cc:144]                  inplace_update_num_locks: 10000
2021/03/19-09:49:21.150484 7f6baffff700 [options/cf_options.cc:147]                          prefix_extractor: nullptr
2021/03/19-09:49:21.150485 7f6baffff700 [options/cf_options.cc:149]                  disable_auto_compactions: 0
2021/03/19-09:49:21.150485 7f6baffff700 [options/cf_options.cc:151]       soft_pending_compaction_bytes_limit: 68719476736
2021/03/19-09:49:21.150486 7f6baffff700 [options/cf_options.cc:153]       hard_pending_compaction_bytes_limit: 274877906944
2021/03/19-09:49:21.150487 7f6baffff700 [options/cf_options.cc:155]        level0_file_num_compaction_trigger: 4
2021/03/19-09:49:21.150488 7f6baffff700 [options/cf_options.cc:157]            level0_slowdown_writes_trigger: 20
2021/03/19-09:49:21.150488 7f6baffff700 [options/cf_options.cc:159]                level0_stop_writes_trigger: 36
2021/03/19-09:49:21.150489 7f6baffff700 [options/cf_options.cc:161]                      max_compaction_bytes: 1677721600
2021/03/19-09:49:21.150490 7f6baffff700 [options/cf_options.cc:163]                     target_file_size_base: 67108864
2021/03/19-09:49:21.150491 7f6baffff700 [options/cf_options.cc:165]               target_file_size_multiplier: 1
2021/03/19-09:49:21.150491 7f6baffff700 [options/cf_options.cc:167]                  max_bytes_for_level_base: 268435456
2021/03/19-09:49:21.150492 7f6baffff700 [options/cf_options.cc:169]            max_bytes_for_level_multiplier: 10.000000
2021/03/19-09:49:21.150493 7f6baffff700 [options/cf_options.cc:171]                                       ttl: 0
2021/03/19-09:49:21.150495 7f6baffff700 [options/cf_options.cc:185] max_bytes_for_level_multiplier_additional: 1, 1, 1, 1, 1, 1, 1
2021/03/19-09:49:21.150496 7f6baffff700 [options/cf_options.cc:187]         max_sequential_skip_in_iterations: 8
2021/03/19-09:49:21.150497 7f6baffff700 [options/cf_options.cc:189]                      paranoid_file_checks: 0
2021/03/19-09:49:21.150497 7f6baffff700 [options/cf_options.cc:191]                        report_bg_io_stats: 0
2021/03/19-09:49:21.150498 7f6baffff700 [options/cf_options.cc:193]                               compression: 1
2021/03/19-09:49:21.150499 7f6baffff700 [options/cf_options.cc:197] compaction_options_universal.size_ratio : 1
2021/03/19-09:49:21.150499 7f6baffff700 [options/cf_options.cc:199] compaction_options_universal.min_merge_width : 2
2021/03/19-09:49:21.150500 7f6baffff700 [options/cf_options.cc:201] compaction_options_universal.max_merge_width : -1
2021/03/19-09:49:21.150501 7f6baffff700 [options/cf_options.cc:204] compaction_options_universal.max_size_amplification_percent : 200
2021/03/19-09:49:21.150502 7f6baffff700 [options/cf_options.cc:207] compaction_options_universal.compression_size_percent : -1
